205309590
209416000
211112160
211172020
211172030
211185750
211200300
211205970
211208720
211215500
211220820
211220870
211220910
211221570
211223550
211224430
211225920
211225940
211228220
211228510
211232240
211233270
211233660
211235220
211237120
211253400
211264470
211282710
211282860
211290770
211294410
211309750
211398780
211411980
211466070
211467050
211472070
211472890
211523490
211523910
211526910
211526930
211536810
211537690
211540110
211544700
211546860
211549830
211576900
211588610
211590050
211591090
211595610
211599340
211604180
211625860
211634880
211639000
211658290
211699020
211710380
211718100
211812980
218003000
218257000
218384000
218393000
218709000
218728000
218779000
219023842
219025273
219029866
219285000
220486000
224091000
229801000
244030073
244875000
246359000
247441100
249773000
253336000
253618000
255804570
255805652
256171000
257076220
257864000
257881000
277336000
304081024
304407000
304829000
305040000
305162000
305544000
305630000
308038000
311000458
477737100
563907000
