211658290
218709000
305544000
304081024
244875000
211812980
211224430
211523490
211604180
211546860
211221570
211595610
218384000
218257000
211540110
256171000
211228220
244030073
211523910
224091000
211639000
304829000
211290770
211225920
211294410
211208720
211634880
311000458
247441100
211718100
211112160
211526930
211185750
255805652
211590050
211220820
211220870
211220910
211172030
477737100
205309590
209416000
211200300
277336000
211599340
211576900
305162000
211223550
211591090
211588610
229801000
563907000
253336000
211526910
257881000
211472890
219025273
219285000
219023842
211235220
211225940
253618000
211228510
304407000
211282710
211172020
211537690
211253400
218728000
211215500
211205970
211233660
211472070
211411980
